id | fps | ms | p95 | cpu | calls | Mtris | auxCalls | auxTris | h
cbd-dusk | 72 | 13.9 | 24.9 | 4.4 | 830 | 6.86 | 78 | 0.58 | 620
river-night | 75 | 13.4 | 18.2 | 4.8 | 834 | 7.65 | 75 | 0.5 | 168
tower-view | 84 | 11.9 | 17.3 | 3.9 | 448 | 5.9 | 52 | 0.39 | 455
axis-morning | 65 | 15.4 | 25 | 4.4 | 742 | 8.08 | 82 | 0.55 | 470
qilou | 55 | 18.3 | 25.2 | 4.4 | 836 | 10.55 | 67 | 1.4 | 5
xiguan | 85 | 11.7 | 16.8 | 3.5 | 344 | 5.17 | 41 | 0.61 | 110
baietan | 48 | 21 | 25.1 | 4.9 | 936 | 11.82 | 81 | 1.7 | 190
pazhou-night | 106 | 9.4 | 16.7 | 3.8 | 407 | 5.51 | 50 | 0.21 | 340
rain | 72 | 13.8 | 17.5 | 4.6 | 747 | 7.63 | 70 | 0.47 | 380
huinan | 66 | 15.2 | 25 | 4.1 | 476 | 7.17 | 64 | 1.23 | 230
overhead | 46 | 21.5 | 33.3 | 3.6 | 1006 | 10.57 | 124 | 2.09 | 7200
